###------------------------------------- Full period -----------------------------------
### 60/40 strategy
w_S_6040 <- 0.60
w_B_6040 <- 0.40
w_C_6040 <- 0
E_R_6040 <- 0.00679
sigma_6040 <- 0.02777
w_60_40 <- c(0.60, 0.40, 0) 

### Market (VW)
w_S_VW <- 1
w_B_VW <- 0
w_C_VW <- 0
E_R_VW <- 0.00931
sigma_VW <- 0.04410
w_VW <- c(1, 0, 0) 

### MVO
w_S_MVO <- 0.7127
w_B_MVO <- 0.2873
w_C_MVO <- 0
E_R_MVO <- 0.0075
sigma_MVO <- 0.03159
w_MVO <- c(w_S_MVO, w_B_MVO, w_C_MVO)  

### LMVO
w_S_LMVO <- 0.5534
w_B_LMVO <- 0.3705
w_C_LMVO <- 0.5761
E_R_LMVO <- 0.0075
sigma_LMVO <- 0.02515
w_LMVO <- c(w_S_LMVO, w_B_LMVO, w_C_LMVO) 


### LRP
w_S_LRP <- 0.4847
w_B_LRP <- 0.9318
w_C_LRP <- 0.0835
E_R_LRP <- 0.0075
sigma_LRP <- 0.02805
w_LRP <- c(w_S_LRP, w_B_LRP, w_C_LRP) 




###------------------------------------- Roaring 90s -----------------------------------
### 60/40 strategy
w_S_6040 <- 0.60
w_B_6040 <- 0.40
w_C_6040 <- 0
E_R_6040 <- 0.01026
sigma_6040 <- 0.02705
w_60_40 <- c(0.60, 0.40, 0) 

### Market (VW)
w_S_VW <- 1
w_B_VW <- 0
w_C_VW <- 0
E_R_VW <- 0.01454
sigma_VW <- 0.03940
w_VW <- c(1, 0, 0) 

### MVO
w_S_MVO <- 0.3312
w_B_MVO <- 0
w_C_MVO <- 0.6688
E_R_MVO <- 0.0075
sigma_MVO <- 0.01306
w_MVO <- c(w_S_MVO, w_B_MVO, w_C_MVO) 

### LMVO
w_S_LMVO <- 0.1404
w_B_LMVO <- 0
w_C_LMVO <- 1.3596
E_R_LMVO <- 0.0075
sigma_LMVO <- 0.00572
w_LMVO <- c(w_S_LMVO, w_B_LMVO, w_C_LMVO) 


### LRP
w_S_LRP <- 0.1439
w_B_LRP <- 0.2136
w_C_LRP <- 1.1425
E_R_LRP <- 0.0075
sigma_LRP <- 0.00814
w_LRP <- c(w_S_LRP, w_B_LRP, w_C_LRP) 




###------------------------------------- DotCom/Financial Crisis -----------------------------------
### 60/40 strategy
w_S_6040 <- 0.60
w_B_6040 <- 0.40
w_C_6040 <- 0
E_R_6040 <- 0.00338
sigma_6040 <- 0.02724
w_60_40 <- c(0.60, 0.40, 0) 

### Market (VW)
w_S_VW <- 1
w_B_VW <- 0
w_C_VW <- 0
E_R_VW <- 0.00233
sigma_VW <- 0.04811
w_VW <- c(1, 0, 0) 

### MVO
w_S_MVO <- 0
w_B_MVO <- 0
w_C_MVO <- 0
E_R_MVO <- 0
sigma_MVO <- 0
w_MVO <- c(w_S_MVO, w_B_MVO, w_C_MVO) 

### LMVO
w_S_LMVO <- 0.2262
w_B_LMVO <- 1.1782
w_C_LMVO <- 0.5955
E_R_LMVO <- 0.0075
sigma_LMVO <- 0.02612
w_LMVO <- c(w_S_LMVO, w_B_LMVO, w_C_LMVO) 


### LRP
w_S_LRP <- 0.5210
w_B_LRP <- 1.1364
w_C_LRP <- 0.3426
E_R_LRP <- 0.0075
sigma_LRP <- 0.02991
w_LRP <- c(w_S_LRP, w_B_LRP, w_C_LRP) 





###------------------------------------- Great Recession Recovery -----------------------------------
### 60/40 strategy
w_S_6040 <- 0.60
w_B_6040 <- 0.40
w_C_6040 <- 0
E_R_6040 <- 0.00667
sigma_6040 <- 0.01798
w_60_40 <- c(0.60, 0.40, 0) 

### Market (VW)
w_S_VW <- 1
w_B_VW <- 0
w_C_VW <- 0
E_R_VW <- 0.01063
sigma_VW <- 0.03179
w_VW <- c(1, 0, 0) 

### MVO
w_S_MVO <- 0.6841
w_B_MVO <- 0.3159
w_C_MVO <- 0
E_R_MVO <- 0.0075
sigma_MVO <- 0.02059
w_MVO <- c(w_S_MVO, w_B_MVO, w_C_MVO) 

### LMVO
w_S_LMVO <- 0.6612
w_B_LMVO <- 0.4901
w_C_LMVO <- 0.3486
E_R_LMVO <- 0.0075
sigma_LMVO <- 0.01981
w_LMVO <- c(w_S_LMVO, w_B_LMVO, w_C_LMVO) 


### LRP
w_S_LRP <- 0.6481
w_B_LRP <- 0.8519
w_C_LRP <- 0
E_R_LRP <- 0.0075
sigma_LRP <- 0.02075
w_LRP <- c(w_S_LRP, w_B_LRP, w_C_LRP) 





